SUPPLfflENTUM ADNOTATIONIS CRITICAE

ΑΙ) RELIQUIAS LIBRORUM DE RE PUBLICA
66 6666616 6666666666.

666166, 4. 6666666 c.

6 764,16. 666166666ῗ666ἴ6616ῗ6666 C. 116616 66666 m 1416 66 166166466 16666
ordinem 6661666666 64446 uero 66» 6664146666666 6666. v

6 761, 77. 66666 6666664666 664 666 ex 66616. 666 ex 666666, 1114666 ι 66646 66666646.

6 767, 7. Scriptura 66166 66666646 664 16 61666 (non 16 66666), 64 1661 ex 6661664666
6666616666.

6 767, 4. mnu! C.
6 767, 76. ἦιῖιιιιιιι. c, v. 66666 66 764, 16.

ΙΙΙ-71
6 664, 6. 66666166666666666666666666666666όῶᾰὲὁὲὲὺίῦ666666λῆ6666.
a 764, 4. 6666661] 1666 661666 manu. 666 cum 4444666 6 66 maculam 6466166611
666 66416 61666616 videretur, 666666 1466666 66666 4166666 666146 664.

6 764, 77. 66666166 c 61666646.

6 76610. 66666616666166 66.66., 11446666 66666666666616666666616. 6661·
64666 161466 6616666 666666 Ρ441616666666666 16 6 64446466 66666616
664. Priorem 66666 66 641666 716666. 116661666, oum 61166 66646666
1666166664, 6161666 1161161666 6661166661.

6 766, 16. 666666666610. 6666161666 66666, quam 11614166 64161 6161666 61666 664,
16 medio 66666 locum 666666 666 664614, 6616 6 666 uu 66666666 1661-
16616 666. 6161 16 66146 666666. “

6 766, 76. 6166666666 1111416666, 64 6466466, 66666.
6 767, 71. 6666666666. c.

6 761131. »mumdum c.

6 7614, 711. 1666666666611 661666 666 116616 46666666616 661646.
6 776, 4. 66666666 c 6 66666616.

n 776, 16. unum c 666466666 6 66666616.

6 776, 17. 66666611446666, 6116166166, 66666.

6 πο, 66. 6666 c.

6 771, 6. 6661666611,1144.66616666666.

6 666, 66. 66666666 6.

6 773, 4. 666661ῗῖ6611.

· 77616. 666666664466646666666.

 

